whug1960.18i
     1.0            IONOSPHERE MAPS     GNSS                IONEX VERSION / TYPE
GIMAS V1.1          GRC,WHU             18-Jul-18 03:33     PGM / RUN BY / DATE 
WHU'S GLOBAL IONOSPHERE MAPS FOR DAY 196,2018               COMMENT
See for instance: Zhang, Qiang and Zhao, Qile,              COMMENT
Remote Sensing, Vol.10, N.5, 705, 2018                      COMMENT
Contact address: zhangqiang@whu.edu.cn                      COMMENT
  2018     7    15     0     0    0.0000                    EPOCH OF FIRST MAP
  2018     7    16     0     0    0.0000                    EPOCH OF LAST MAP 
  7200                                                      INTERVAL
    13                                                      # OF MAPS IN FILE
  NONE                                                      MAPPING FUNCTION
    10.0                                                    ELEVATION CUTOFF
One-way carrier phase leveled to code                       OBSERVABLES USED    
   271                                                      # OF STATIONS
    56                                                      # OF SATELLITES
  6371.0                                                    BASE RADIUS
     2                                                      MAP DIMENSION       
   450.0 450.0   0.0                                        HGT1 / HGT2 / DHGT
    87.5 -87.5  -2.5                                        LAT1 / LAT2 / DLAT
  -180.0 180.0   5.0                                        LON1 / LON2 / DLON
    -1                                                      EXPONENT
TEC/RMS values in 0.1 TECU; 0, if negative value apear      COMMENT
                           9999, if no value available      COMMENT
Peak TEC values for the included maps:                      COMMENT
 235  235  310  321  238  221  245  251  450  392  264  256 COMMENT
 274                                                        COMMENT
List of stations:                                           COMMENT
algo cas1 aspa barh ankr gras gode abmf darw helg chpi func COMMENT
dour bor1 fair coco chti godz braz areg hers bjfs alic abpo COMMENT
auck flin cord ganp graz dav1 drao casc chur gol2 brmu areq COMMENT
badg bjnm hert alme adis guam ccj2 cpvg glps flrs gold dubo COMMENT
delf ckis bake brux gope artu alrt bogo guug glsv ajac hlfx COMMENT
cedu cro1 ebre frdn cnmr ascg dgar amu2 hnpt cags bogt bako COMMENT
hnlc harb gmsd albh hyde chpg daej eprt ftna irkj dhlg joze COMMENT
kiri koug lhaz mac1 mana karr maui hob2 mdo1 mizu ieng monp COMMENT
nain nium nrc1 isba maw1 mar6 lmmf kiru kour nano madr kat1 COMMENT
iisc morp hofn mdvj mkea joen mqzg nklg nril naur mas1 mbar COMMENT
krgg mag0 lpal kit3 kerg invk jog2 mobj ntus medi mro1 holb COMMENT
nico maju nnor iqal mat1 kokb mcil lama kir0 mcm4 lpgs hrao COMMENT
joz2 mobk nya1 mets mtka kokv nist mobs not1 mal2 mate ohi2 COMMENT
m0se laut pado mgue pert polv qaq1 reun nyal salu scor sfer COMMENT
spt0 novm park suth ohi3 tash thti pfa2 tixg tskb pove reyk COMMENT
shao scrz quin samo sthl ulab pbri thu2 tuva sutm tehn sjdv COMMENT
pie1 onsa tlse prds tela rabt sctb rio2 sant unbj stjo pdel COMMENT
pimo twtf scub seyg sydn thu3 ramo soda tong ters opmt ptag COMMENT
savo pol2 riop tid1 unbn stk2 penc sofi syog usud uclu rbay COMMENT
ous2 vill tow2 vaas thtg roth whit ufpr ptbb unsa sch2 wtzr COMMENT
str2 tidb yar2 vaco tabv yssk zimm tro1 voim urum zamb will COMMENT
wtzs yar3 vald wtzz wab2 zeck wind yarr wark vil0 xmis zim2 COMMENT
wsrt ycba wgtn yakt zimj wtza yell                          COMMENT
                                                            END OF HEADER
[from data line 5148]
    13                                                      START OF TEC MAP  
  2018     7    16     0     0  0.00                        EPOCH OF CURRENT MAP
    87.5-180.0 180.0   5.0 450.0                            LAT/LON1/LON2/DLON/H
   72   73   74   75   75   76   77   77   78   78   79   79   79   79   79   79
   79   78   78   77   77   76   75   74   73   72   71   70   69   68   67   66
   65   64   63   62   61   61   60   59   59   58   58   57   57   57   57   57
   57   57   57   57   57   58   58   59   59   60   61   61   62   63   63   64
   65   66   67   68   68   69   70   71   72
    85.0-180.0 180.0   5.0 450.0                            LAT/LON1/LON2/DLON/H
   75   77   78   80   82   83   85   86   87   88   89   90   90   91   90   90
   90   89   88   87   86   84   82   81   79   77   75   73   71   69   67   65
   63   62   60   58   56   55   54   52   51   50   50   49   49   49   49   49
   49   50   50   51   52   52   53   54   55   56   57   58   59   61   62   63
   64   65   66   68   69   71   72   74   75
    82.5-180.0 180.0   5.0 450.0                            LAT/LON1/LON2/DLON/H
   76   78   80   83   85   88   90   92   94   96   97   99   99  100  100   99
   99   97   96   94   92   90   87   85   82   80   77   74   72   69   67   65
   62   60   58   55   53   51   49   48   46   45   44   44   44   44   44   45
   45   46   48   49   50   51   53   54   55   57   58   59   60   61   62   63
   64   65   66   67   69   70   72   74   76
    80.0-180.0 180.0   5.0 450.0                            LAT/LON1/LON2/DLON/H
   74   77   80   83   86   89   92   95   97  100  102  104  105  105  105  105
  104  102  100   98   95   92   89   86   83   79   76   74   71   69   66   64
   62   59   57   54   52   49   47   45   43   42   42   41   42   42   43   44
   46   48   49   51   53   54   56   58   59   60   62   63   64   64   65   65
   65   66   66   67   68   69   70   72   74
    77.5-180.0 180.0   5.0 450.0                            LAT/LON1/LON2/DLON/H
   72   74   77   80   84   87   91   94   97  100  103  104  106  107  107  107
  105  104  101   98   95   91   87   83   80   76   73   71   68   67   65   63
   61   59   57   54   51   49   46   44   42   41   41   42   43   44   46   48
   50   52   54   56   58   60   61   63   65   66   67   68   69   69   69   69
   68   68   67   67   67   67   68   70   72
    75.0-180.0 180.0   5.0 450.0                            LAT/LON1/LON2/DLON/H
   69   72   74   77   81   84   88   91   94   97  100  102  103  104  105  105
  104  102   99   96   92   88   83   79   74   71   68   66   64   63   63   62
   61   60   58   55   51   48   45   43   41   41   42   44   46   48   51   54
   56   58   60   62   63   65   66   68   69   71   72   73   73   74   73   72
   71   70   69   68   67   67   67   68   69
    72.5-180.0 180.0   5.0 450.0                            LAT/LON1/LON2/DLON/H
   69   70   73   75   78   81   84   87   90   93   95   97   99  100  100  100
  100   98   96   92   88   83   78   73   68   64   61   59   59   59   60   60
   60   59   57   54   50   46   43   41   40   41   43   47   50   55   58   61
   64   65   66   67   67   68   69   70   71   73   74   76   77   77   77   76
   75   73   71   69   68   67   67   68   69
    70.0-180.0 180.0   5.0 450.0                            LAT/LON1/LON2/DLON/H
   70   72   73   76   78   80   82   84   87   88   90   92   93   94   95   96
   95   94   92   89   84   80   74   68   63   59   55   54   53   55   56   58
   59   58   56   52   47   43   39   37   37   40   44   50   56   61   66   69
   70   70   70   69   68   67   67   68   69   71   74   76   77   78   78   78
   77   75   73   72   71   70   69   70   70
    67.5-180.0 180.0   5.0 450.0                            LAT/LON1/LON2/DLON/H
   75   76   77   79   80   81   83   84   85   86   87   88   89   90   91   91
   91   90   89   86   82   77   72   66   60   55   52   50   50   51   53   55
   56   56   53   48   43   37   33   32   34   39   46   54   61   68   72   74
   74   72   70   67   64   62   62   62   64   67   69   72   75   76   77   78
   77   76   75   74   74   73   73   74   75
    65.0-180.0 180.0   5.0 450.0                            LAT/LON1/LON2/DLON/H
   82   83   84   85   85   86   86   86   86   86   86   87   87   88   89   89
   89   88   87   84   81   77   72   66   60   55   51   49   48   49   51   53
   54   53   49   44   37   31   27   27   30   38   47   57   66   73   76   77
   75   71   66   61   58   55   54   55   57   60   64   67   71   73   74   75
   76   76   76   76   77   78   79   80   82
    62.5-180.0 180.0   5.0 450.0                            LAT/LON1/LON2/DLON/H
   89   91   92   93   93   93   92   91   90   89   89   88   88   88   89   89
   88   88   86   84   81   78   74   69   64   59   55   52   50   50   51   52
   52   50   46   39   32   25   22   23   29   39   50   62   71   76   78   76
   71   66   60   54   50   47   47   48   50   54   59   63   66   68   70   71
   72   73   75   77   79   82   85   87   89
    60.0-180.0 180.0   5.0 450.0                            LAT/LON1/LON2/DLON/H
   97  100  101  102  102  101  100   98   97   95   93   92   91   91   91   90
   90   88   86   84   82   79   77   73   70   66   62   59   56   54   53   52
   51   48   43   36   29   23   21   24   31   43   55   66   74   77   75   71
   65   58   52   47   44   42   42   44   47   51   56   60   62   64   66   67
   68   70   73   76   81   85   90   94   97
    57.5-180.0 180.0   5.0 450.0                            LAT/LON1/LON2/DLON/H
  104  108  110  111  111  110  109  107  105  102   99   97   95   94   94   93
   92   90   88   85   83   82   80   79   77   75   73   69   65   61   57   54
   51   48   43   36   30   25   25   29   38   50   62   71   76   75   70   64
   56   50   45   42   40   40   42   44   48   53   57   60   62   62   62   63
   64   67   70   75   81   87   94  100  104
    55.0-180.0 180.0   5.0 450.0                            LAT/LON1/LON2/DLON/H
  110  114  117  118  119  119  119  117  113  109  105  102   99   98   97   96
   94   92   90   87   85   84   84   84   85   85   84   80   75   69   63   57
   53   49   44   39   35   32   33   39   48   59   69   75   76   72   64   55
   48   43   41   41   42   44   46   50   54   58   62   64   65   63   62   61
   62   65   69   74   81   89   97  104  110
    52.5-180.0 180.0   5.0 450.0                            LAT/LON1/LON2/DLON/H
  113  118  121  124  126  127  127  126  122  116  111  106  103  101  100   99
   98   95   92   90   88   87   87   89   92   94   94   91   85   77   68   61
   55   51   48   45   43   43   45   52   61   70   77   79   75   67   57   47
   41   39   40   44   48   52   55   59   63   67   71   72   70   68   65   63
   63   65   69   75   82   90   99  106  113
    50.0-180.0 180.0   5.0 450.0                            LAT/LON1/LON2/DLON/H
  114  119  123  127  131  134  135  134  130  123  116  110  105  103  102  102
  101   99   96   94   92   91   91   93   97  100  102   99   93   83   73   63
   57   53   52   52   53   55   59   66   73   80   83   82   74   63   51   42
   38   39   44   51   58   63   67   70   74   78   81   81   79   75   71   68
   68   69   73   77   84   91  100  108  114
    47.5-180.0 180.0   5.0 450.0                            LAT/LON1/LON2/DLON/H
  114  119  123  128  133  138  141  141  137  130  121  114  108  105  105  104
  104  103  102  100   97   96   95   97  100  103  105  103   97   86   75   65
   59   56   57   60   63   68   73   79   84   88   88   83   73   61   49   41
   39   42   50   60   68   74   78   81   84   88   90   90   88   84   80   77
   76   77   79   82   87   93  101  108  114
    45.0-180.0 180.0   5.0 450.0                            LAT/LON1/LON2/DLON/H
  113  117  121  126  133  140  146  147  144  137  127  118  112  108  107  107
  108  108  107  106  104  102  100  100  101  103  104  102   96   86   75   66
   60   59   61   66   72   78   83   88   92   93   90   83   73   61   51   44
   43   48   57   68   77   84   87   90   92   96   98   99   97   94   90   88
   87   87   87   88   91   96  102  108  113
    42.5-180.0 180.0   5.0 450.0                            LAT/LON1/LON2/DLON/H
  113  115  119  124  132  141  148  152  150  144  134  125  117  113  111  111
  111  112  112  112  111  108  105  102  100  100   99   96   90   82   73   65
   61   61   65   72   78   84   89   93   95   94   90   83   74   64   56   50
   49   53   62   73   83   89   93   95   97  101  104  106  106  104  101  100
   98   97   95   94   95   98  104  109  113
    40.0-180.0 180.0   5.0 450.0                            LAT/LON1/LON2/DLON/H
  113  114  117  122  130  141  150  155  156  151  143  133  125  120  117  116
  116  116  117  117  117  114  109  104   99   95   92   87   82   75   69   65
   63   64   69   75   82   88   92   94   94   92   88   83   76   69   63   57
   55   57   63   73   83   91   95   97  100  103  108  111  113  113  112  111
  109  106  102   99   98  101  105  110  113
    37.5-180.0 180.0   5.0 450.0                            LAT/LON1/LON2/DLON/H
  114  115  116  121  129  140  150  158  161  159  153  144  136  130  125  122
  120  119  120  120  120  117  112  105   97   90   84   77   72   68   65   64
   65   68   72   78   84   88   91   92   91   88   85   82   78   74   69   63
   57   56   59   68   79   87   93   97  100  104  110  115  118  120  120  119
  116  112  106  101  100  103  108  112  114
    35.0-180.0 180.0   5.0 450.0                            LAT/LON1/LON2/DLON/H
  118  117  118  121  129  140  151  160  166  167  164  157  149  142  136  131
  126  123  121  121  121  119  113  105   96   87   76   68   62   60   62   64
   68   71   75   80   84   88   89   88   86   84   82   80   80   78   73   65
   56   50   51   58   70   81   89   95   99  105  112  118  123  125  126  124
  120  114  107  101  100  104  111  116  118
    32.5-180.0 180.0   5.0 450.0                            LAT/LON1/LON2/DLON/H
  124  123  122  125  132  141  152  162  171  176  176  170  163  155  148  141
  133  127  123  121  120  117  112  105   96   84   72   61   54   54   59   65
   70   74   77   81   84   86   86   84   82   80   78   78   79   78   72   62
   49   40   38   46   59   73   85   92   99  105  113  120  126  128  128  126
  120  113  105  100  100  107  116  122  124
    30.0-180.0 180.0   5.0 450.0                            LAT/LON1/LON2/DLON/H
  133  131  130  132  138  146  155  166  177  185  187  184  176  169  161  153
  144  134  126  121  118  115  110  104   96   84   70   56   49   50   57   65
   71   75   78   81   84   84   83   80   78   76   75   75   75   74   67   55
   40   28   25   33   49   65   79   90   98  106  114  122  127  130  129  124
  118  109  101   98  101  110  122  130  133
    27.5-180.0 180.0   5.0 450.0                            LAT/LON1/LON2/DLON/H
  143  142  140  141  146  153  161  172  184  195  199  196  190  183  176  168
  157  144  133  124  117  112  108  103   96   85   70   55   47   47   55   64
   71   74   76   80   82   82   80   77   74   72   70   70   69   66   58   44
   29   17   14   23   40   58   74   87   98  107  116  123  128  130  127  122
  114  106   99   98  103  115  129  140  143
    25.0-180.0 180.0   5.0 450.0                            LAT/LON1/LON2/DLON/H
  154  153  151  152  157  162  170  180  193  205  211  209  203  198  193  185
  173  158  143  130  119  111  106  102   97   87   72   56   46   46   54   62
   67   70   72   76   79   80   77   73   69   67   65   63   61   56   47   33
   19    8    7   17   33   52   69   84   96  107  116  124  128  129  126  120
  112  105  101  102  109  123  139  150  154
    22.5-180.0 180.0   5.0 450.0                            LAT/LON1/LON2/DLON/H
  165  164  163  164  168  173  180  190  203  216  222  221  216  213  210  204
  192  175  156  139  125  113  105  100   96   88   73   57   47   46   52   58
   62   63   65   70   75   75   72   67   63   61   59   56   52   45   36   24
   12    5    6   15   30   47   64   80   94  107  117  124  128  128  125  119
  113  109  108  111  120  134  149  161  165
    20.0-180.0 180.0   5.0 450.0                            LAT/LON1/LON2/DLON/H
  175  174  173  175  180  185  191  201  214  226  232  232  229  229  229  224
  212  193  172  152  134  118  106   99   95   87   74   59   48   46   50   54
   55   54   57   63   68   69   66   60   56   54   52   49   43   37   28   19
   10    6    8   16   28   43   58   75   91  105  116  124  128  129  126  122
  119  118  120  125  133  146  161  171  175
    17.5-180.0 180.0   5.0 450.0                            LAT/LON1/LON2/DLON/H
  184  183  183  185  190  195  201  210  223  234  241  242  242  244  246  243
  229  209  186  165  144  125  109   99   93   86   73   59   49   46   48   50
   48   46   48   55   61   62   58   52   49   47   46   42   37   31   24   17
   12   11   14   20   28   39   52   69   88  104  116  124  129  131  131  130
  130  132  137  143  150  160  172  180  184
    15.0-180.0 180.0   5.0 450.0                            LAT/LON1/LON2/DLON/H
  192  191  191  194  199  204  210  218  229  240  246  249  252  257  261  257
  242  220  197  175  154  132  113   99   90   82   71   58   49   46   47   47
   43   40   41   47   53   54   50   44   41   40   40   37   33   28   23   19
   17   17   20   24   29   35   47   65   85  103  117  126  132  137  139  140
  143  149  156  162  168  174  182  189  192
    12.5-180.0 180.0   5.0 450.0                            LAT/LON1/LON2/DLON/H
  199  199  199  202  206  211  216  222  231  241  248  253  258  265  270  264
  248  224  202  181  161  138  116   99   88   78   67   56   48   46   47   46
   41   37   37   42   47   47   43   37   34   34   35   33   31   28   25   23
   22   23   25   27   28   32   43   62   84  104  119  129  138  144  149  153
  159  167  175  181  185  188  192  197  199
    10.0-180.0 180.0   5.0 450.0                            LAT/LON1/LON2/DLON/H
  207  207  208  210  214  217  220  224  231  238  245  251  259  267  271  263
  244  220  199  181  164  143  120  100   85   74   64   53   47   46   48   47
   42   37   36   39   42   42   38   33   30   30   30   30   29   28   27   26
   25   26   27   28   27   30   41   60   84  106  122  134  145  154  161  166
  173  182  191  197  199  199  201  205  207
     7.5-180.0 180.0   5.0 450.0                            LAT/LON1/LON2/DLON/H
  215  217  217  219  221  223  223  224  227  233  239  245  254  262  263  254
  233  209  190  176  163  144  121  100   84   71   60   51   46   46   49   49
   45   40   37   38   39   38   35   31   28   27   27   27   27   28   29   28
   27   27   27   27   26   29   40   60   85  107  125  139  152  164  172  177
  183  191  201  208  210  209  210  212  215
     5.0-180.0 180.0   5.0 450.0                            LAT/LON1/LON2/DLON/H
  223  226  227  228  229  229  226  224  224  226  230  236  243  249  248  236
  215  194  178  168  158  142  121  100   82   69   57   49   44   46   49   51
   49   44   40   38   38   37   35   32   28   25   23   22   24   26   28   28
   26   25   25   25   25   29   40   61   85  108  126  142  158  171  180  184
  187  194  205  213  216  216  217  219  223
     2.5-180.0 180.0   5.0 450.0                            LAT/LON1/LON2/DLON/H
  230  234  236  237  237  235  231  226  223  222  222  225  228  231  228  215
  196  177  165  159  152  138  119   99   81   67   56   47   43   44   48   51
   51   47   42   39   37   37   36   34   30   24   19   17   18   22   26   27
   25   23   23   23   24   29   40   60   84  106  126  143  160  175  184  185
  185  190  201  211  218  220  221  225  230
