whug1960.18i
     1.0            IONOSPHERE MAPS     GNSS                IONEX VERSION / TYPE
GIMAS V1.1          GRC,WHU             18-Jul-18 03:33     PGM / RUN BY / DATE 
WHU'S GLOBAL IONOSPHERE MAPS FOR DAY 196,2018               COMMENT
See for instance: Zhang, Qiang and Zhao, Qile,              COMMENT
Remote Sensing, Vol.10, N.5, 705, 2018                      COMMENT
Contact address: zhangqiang@whu.edu.cn                      COMMENT
  2018     7    15     0     0    0.0000                    EPOCH OF FIRST MAP
  2018     7    16     0     0    0.0000                    EPOCH OF LAST MAP 
  7200                                                      INTERVAL
    13                                                      # OF MAPS IN FILE
  NONE                                                      MAPPING FUNCTION
    10.0                                                    ELEVATION CUTOFF
One-way carrier phase leveled to code                       OBSERVABLES USED    
   271                                                      # OF STATIONS
    56                                                      # OF SATELLITES
  6371.0                                                    BASE RADIUS
     2                                                      MAP DIMENSION       
   450.0 450.0   0.0                                        HGT1 / HGT2 / DHGT
    87.5 -87.5  -2.5                                        LAT1 / LAT2 / DLAT
  -180.0 180.0   5.0                                        LON1 / LON2 / DLON
    -1                                                      EXPONENT
TEC/RMS values in 0.1 TECU; 0, if negative value apear      COMMENT
                           9999, if no value available      COMMENT
Peak TEC values for the included maps:                      COMMENT
 235  235  310  321  238  221  245  251  450  392  264  256 COMMENT
 274                                                        COMMENT
List of stations:                                           COMMENT
algo cas1 aspa barh ankr gras gode abmf darw helg chpi func COMMENT
dour bor1 fair coco chti godz braz areg hers bjfs alic abpo COMMENT
auck flin cord ganp graz dav1 drao casc chur gol2 brmu areq COMMENT
badg bjnm hert alme adis guam ccj2 cpvg glps flrs gold dubo COMMENT
delf ckis bake brux gope artu alrt bogo guug glsv ajac hlfx COMMENT
cedu cro1 ebre frdn cnmr ascg dgar amu2 hnpt cags bogt bako COMMENT
hnlc harb gmsd albh hyde chpg daej eprt ftna irkj dhlg joze COMMENT
kiri koug lhaz mac1 mana karr maui hob2 mdo1 mizu ieng monp COMMENT
nain nium nrc1 isba maw1 mar6 lmmf kiru kour nano madr kat1 COMMENT
iisc morp hofn mdvj mkea joen mqzg nklg nril naur mas1 mbar COMMENT
krgg mag0 lpal kit3 kerg invk jog2 mobj ntus medi mro1 holb COMMENT
nico maju nnor iqal mat1 kokb mcil lama kir0 mcm4 lpgs hrao COMMENT
joz2 mobk nya1 mets mtka kokv nist mobs not1 mal2 mate ohi2 COMMENT
m0se laut pado mgue pert polv qaq1 reun nyal salu scor sfer COMMENT
spt0 novm park suth ohi3 tash thti pfa2 tixg tskb pove reyk COMMENT
shao scrz quin samo sthl ulab pbri thu2 tuva sutm tehn sjdv COMMENT
pie1 onsa tlse prds tela rabt sctb rio2 sant unbj stjo pdel COMMENT
pimo twtf scub seyg sydn thu3 ramo soda tong ters opmt ptag COMMENT
savo pol2 riop tid1 unbn stk2 penc sofi syog usud uclu rbay COMMENT
ous2 vill tow2 vaas thtg roth whit ufpr ptbb unsa sch2 wtzr COMMENT
str2 tidb yar2 vaco tabv yssk zimm tro1 voim urum zamb will COMMENT
wtzs yar3 vald wtzz wab2 zeck wind yarr wark vil0 xmis zim2 COMMENT
wsrt ycba wgtn yakt zimj wtza yell                          COMMENT
                                                            END OF HEADER
[from data line 3003]
     8                                                      START OF TEC MAP  
  2018     7    15    14     0  0.00                        EPOCH OF CURRENT MAP
    87.5-180.0 180.0   5.0 450.0                            LAT/LON1/LON2/DLON/H
   70   71   71   71   72   72   73   73   74   74   75   75   75   76   76   76
   76   77   77   77   77   77   77   77   76   76   76   76   76   76   75   75
   75   75   74   74   74   74   73   73   73   73   72   72   72   72   71   71
   71   71   71   70   70   70   70   69   69   69   69   69   69   68   68   68
   68   68   69   69   69   69   69   70   70
    85.0-180.0 180.0   5.0 450.0                            LAT/LON1/LON2/DLON/H
   67   68   69   70   71   72   73   75   76   77   78   79   79   80   81   81
   81   82   82   82   82   82   81   81   81   80   80   79   79   78   78   77
   77   76   76   75   75   75   74   74   74   73   73   73   72   72   72   72
   71   71   70   70   70   69   69   68   68   67   66   66   65   65   65   64
   64   64   64   64   65   65   66   66   67
    82.5-180.0 180.0   5.0 450.0                            LAT/LON1/LON2/DLON/H
   63   65   66   68   70   72   73   75   77   79   80   82   83   84   85   86
   86   87   87   87   86   86   85   85   84   83   82   82   81   80   79   78
   78   77   77   76   76   75   75   74   74   74   74   73   73   73   73   73
   72   72   72   71   71   70   69   68   67   66   65   64   63   62   62   61
   60   60   60   60   60   60   61   62   63
    80.0-180.0 180.0   5.0 450.0                            LAT/LON1/LON2/DLON/H
   59   60   62   65   67   70   72   75   77   80   82   84   85   87   88   89
   90   90   91   90   90   89   88   87   86   85   84   83   82   81   80   79
   78   77   77   76   75   75   74   74   74   74   73   73   73   73   73   73
   73   73   73   73   72   71   71   70   68   67   66   64   63   61   60   58
   57   56   55   55   55   55   56   57   59
    77.5-180.0 180.0   5.0 450.0                            LAT/LON1/LON2/DLON/H
   54   56   58   61   64   67   70   73   76   78   81   83   85   87   89   90
   91   92   92   92   92   91   90   89   87   86   84   83   82   81   80   79
   78   77   76   75   74   74   73   72   72   72   72   72   72   72   73   73
   73   73   74   74   73   73   72   71   70   69   67   65   63   61   59   57
   55   54   52   51   51   51   51   52   54
    75.0-180.0 180.0   5.0 450.0                            LAT/LON1/LON2/DLON/H
   50   52   54   57   60   63   66   69   72   75   77   80   82   84   86   88
   89   91   91   91   91   90   89   88   86   84   83   82   81   80   79   78
   77   75   74   73   72   71   70   69   69   69   69   69   70   70   71   71
   72   73   73   73   74   74   73   73   72   71   69   67   65   63   60   58
   56   53   51   50   49   48   48   48   50
    72.5-180.0 180.0   5.0 450.0                            LAT/LON1/LON2/DLON/H
   47   48   51   53   56   59   62   65   68   70   72   75   77   79   81   83
   85   87   88   89   89   88   87   85   83   81   80   79   78   77   77   76
   75   73   71   69   68   66   65   65   64   65   65   66   66   67   68   69
   69   70   71   72   73   74   74   74   73   73   71   70   68   66   63   61
   58   56   53   50   48   47   46   46   47
    70.0-180.0 180.0   5.0 450.0                            LAT/LON1/LON2/DLON/H
   46   47   49   51   54   57   60   62   64   66   67   69   71   73   75   77
   80   82   84   85   85   84   83   81   79   77   76   75   75   75   74   73
   72   70   68   65   63   61   60   59   60   61   62   63   64   64   65   66
   67   68   69   70   71   73   74   74   75   74   74   73   71   69   67   65
   63   60   56   53   50   48   46   45   46
    67.5-180.0 180.0   5.0 450.0                            LAT/LON1/LON2/DLON/H
   46   47   49   51   54   56   58   60   61   62   63   64   65   67   69   72
   74   77   79   80   80   79   78   76   74   72   72   71   72   72   72   71
   70   67   64   60   57   56   55   55   56   58   60   61   63   63   63   64
   64   65   66   67   69   71   72   74   75   76   76   76   75   74   72   70
   68   65   61   58   54   50   48   46   46
    65.0-180.0 180.0   5.0 450.0                            LAT/LON1/LON2/DLON/H
   48   49   51   54   56   58   59   60   60   60   61   61   62   63   65   67
   70   72   74   76   76   75   74   71   69   68   68   68   70   71   71   70
   68   65   60   56   53   51   51   53   56   59   61   63   64   64   64   63
   63   63   64   65   67   69   71   73   75   76   77   78   78   77   76   75
   73   70   66   62   58   53   50   49   48
    62.5-180.0 180.0   5.0 450.0                            LAT/LON1/LON2/DLON/H
   52   53   55   58   60   61   61   61   61   61   60   60   61   62   63   65
   67   69   71   73   73   72   70   68   66   65   66   67   69   71   72   71
   68   63   58   53   50   49   50   54   58   62   65   67   68   67   65   64
   63   63   63   64   65   67   69   72   75   77   78   79   80   80   79   78
   77   74   70   66   61   56   53   51   52
    60.0-180.0 180.0   5.0 450.0                            LAT/LON1/LON2/DLON/H
   55   58   60   63   64   65   64   64   63   62   62   62   62   63   64   65
   67   69   71   72   72   71   69   67   65   65   66   68   71   73   74   72
   69   63   57   52   49   49   52   57   63   68   72   73   73   71   68   66
   64   63   63   64   65   66   68   71   74   77   79   80   81   81   81   80
   78   76   72   67   62   58   55   54   55
    57.5-180.0 180.0   5.0 450.0                            LAT/LON1/LON2/DLON/H
   59   62   66   68   69   69   68   66   65   64   64   64   65   66   66   67
   68   70   71   73   73   72   70   68   67   67   68   71   74   77   77   75
   70   64   58   53   51   52   57   64   71   76   79   80   78   75   71   68
   67   66   65   65   66   66   68   71   74   77   80   81   81   81   80   80
   78   75   72   67   62   58   56   57   59
    55.0-180.0 180.0   5.0 450.0                            LAT/LON1/LON2/DLON/H
   63   67   71   73   73   72   70   68   67   66   67   67   68   69   70   70
   71   72   74   75   75   75   73   71   70   71   73   76   79   80   80   77
   72   65   59   56   55   58   64   72   79   84   86   85   82   77   73   71
   69   69   69   69   68   68   69   72   75   78   81   82   82   81   79   78
   76   73   69   64   60   57   57   59   63
    52.5-180.0 180.0   5.0 450.0                            LAT/LON1/LON2/DLON/H
   66   71   74   76   76   74   72   70   69   68   69   70   71   72   73   74
   74   76   77   78   79   79   78   76   76   76   78   80   83   84   82   78
   73   67   62   60   61   66   73   81   88   92   92   89   84   79   75   73
   73   74   74   74   73   72   72   74   77   80   83   84   83   80   78   75
   73   70   66   61   58   56   57   61   66
    50.0-180.0 180.0   5.0 450.0                            LAT/LON1/LON2/DLON/H
   68   73   77   78   77   75   73   71   70   70   71   73   74   76   77   77
   78   80   81   83   84   84   83   82   81   81   83   84   86   85   83   79
   73   69   66   66   69   75   83   90   96   98   95   91   85   80   77   76
   78   79   80   80   79   77   76   77   80   84   86   86   84   81   77   73
   70   67   63   59   55   55   57   62   68
    47.5-180.0 180.0   5.0 450.0                            LAT/LON1/LON2/DLON/H
   70   75   77   77   76   75   74   73   73   73   74   76   78   79   80   82
   83   85   86   88   89   89   88   87   87   87   87   87   87   86   82   78
   74   71   71   74   79   86   94  100  103  103   99   93   86   82   80   81
   84   87   88   88   87   84   83   83   85   88   90   90   87   82   77   73
   69   65   61   57   55   55   59   64   70
    45.0-180.0 180.0   5.0 450.0                            LAT/LON1/LON2/DLON/H
   72   75   75   74   73   74   74   75   76   77   78   80   82   84   85   87
   89   91   92   93   94   93   93   92   91   91   90   89   88   85   82   79
   76   77   79   85   92   99  106  110  111  109  103   97   91   88   88   90
   92   95   97   97   96   93   91   90   91   93   95   94   90   85   79   74
   69   65   61   57   55   56   60   66   72
    42.5-180.0 180.0   5.0 450.0                            LAT/LON1/LON2/DLON/H
   72   73   71   69   69   71   74   78   80   81   83   85   87   90   92   94
   96   98   99   99   98   97   96   96   95   94   93   91   89   86   83   81
   82   85   92   99  107  114  119  122  121  117  111  105  101   99  100  101
  103  105  106  106  105  103  100   98   98   99   99   98   94   88   82   76
   71   67   62   59   57   58   62   68   72
    40.0-180.0 180.0   5.0 450.0                            LAT/LON1/LON2/DLON/H
   71   69   66   63   63   67   73   79   83   86   89   91   95   98  101  103
  106  107  107  105  103  100   99   99   98   97   96   93   91   89   88   88
   92   99  108  118  126  132  135  136  134  130  124  119  117  116  116  117
  116  115  115  115  115  113  110  107  105  104  103  101   97   91   84   78
   73   69   64   61   59   60   64   68   71
    37.5-180.0 180.0   5.0 450.0                            LAT/LON1/LON2/DLON/H
   69   65   60   56   56   62   70   78   85   89   93   97  102  107  111  114
  116  116  114  111  106  103  101  101  102  101   99   97   96   95   96  101
  108  118  130  140  147  151  152  152  149  146  141  138  137  137  136  134
  129  125  123  123  124  123  120  115  110  107  104  102   98   92   86   81
   75   71   66   63   61   61   65   68   69
    35.0-180.0 180.0   5.0 450.0                            LAT/LON1/LON2/DLON/H
   66   61   54   49   49   55   65   75   82   89   95  101  109  115  120  124
  125  125  121  115  109  105  103  104  106  106  105  103  103  105  109  117
  128  141  154  164  169  171  170  169  167  165  162  160  160  159  157  151
  142  133  129  129  131  131  128  121  114  108  104  100   97   92   87   82
   76   72   67   63   61   61   63   66   66
    32.5-180.0 180.0   5.0 450.0                            LAT/LON1/LON2/DLON/H
   62   58   50   44   43   48   58   68   76   84   92  101  112  121  127  131
  133  131  126  119  111  106  105  107  110  112  111  111  112  117  125  136
  151  165  178  187  190  189  187  186  185  185  184  182  182  180  175  165
  152  140  134  134  136  137  133  125  115  106  100   96   94   90   86   81
   76   71   66   62   59   59   60   63   62
    30.0-180.0 180.0   5.0 450.0                            LAT/LON1/LON2/DLON/H
   59   56   48   41   39   42   50   58   66   74   84   97  110  121  130  135
  136  135  129  121  112  107  107  111  116  119  119  119  122  130  141  156
  172  188  200  207  207  204  200  200  201  203  203  201  199  195  188  175
  158  144  137  136  140  141  136  125  112  101   94   90   88   87   83   79
   73   68   63   59   56   55   56   59   59
    27.5-180.0 180.0   5.0 450.0                            LAT/LON1/LON2/DLON/H
   57   56   49   42   37   38   42   48   54   62   73   87  103  117  127  133
  135  134  128  120  113  109  110  116  123  126  127  128  132  142  156  173
  191  206  217  221  218  213  210  210  214  217  217  214  210  204  194  179
  161  146  138  138  141  141  134  122  107   94   86   83   82   81   79   74
   69   63   58   54   51   50   51   55   57
    25.0-180.0 180.0   5.0 450.0                            LAT/LON1/LON2/DLON/H
   56   57   53   46   39   37   37   39   43   49   59   75   92  108  119  126
  129  129  125  119  113  110  114  122  130  134  135  136  141  152  167  185
  203  217  226  228  224  217  214  216  221  226  225  220  213  204  193  178
  161  147  140  139  140  138  129  115   99   86   78   75   75   75   74   69
   63   57   53   49   46   44   46   51   56
    22.5-180.0 180.0   5.0 450.0                            LAT/LON1/LON2/DLON/H
   55   59   57   51   44   38   35   34   34   37   46   61   78   95  108  116
  120  122  120  117  113  113  118  127  137  141  142  142  147  159  175  193
  209  221  228  228  223  217  214  217  224  228  227  219  208  198  186  173
  159  147  141  140  139  133  121  106   90   78   71   68   68   69   68   63
   57   51   47   44   41   40   41   47   55
    20.0-180.0 180.0   5.0 450.0                            LAT/LON1/LON2/DLON/H
   53   60   61   56   49   43   38   33   30   30   36   48   65   81   95  104
  110  113  115  115  114  116  122  133  143  148  148  148  153  164  179  195
  209  219  224  224  219  213  212  215  222  226  223  212  199  187  176  166
  156  147  143  140  136  126  112   96   81   71   65   62   62   63   62   57
   51   45   41   39   37   36   38   44   53
    17.5-180.0 180.0   5.0 450.0                            LAT/LON1/LON2/DLON/H
   51   59   62   59   53   48   42   37   32   29   31   39   54   69   83   93
  100  106  110  114  116  119  127  138  148  154  154  154  158  169  183  196
  206  213  217  217  214  210  209  213  218  221  215  203  188  175  166  159
  153  148  144  140  132  119  102   86   74   66   61   59   58   58   56   52
   45   39   36   35   34   33   35   42   51
    15.0-180.0 180.0   5.0 450.0                            LAT/LON1/LON2/DLON/H
   47   55   59   58   55   51   48   44   37   32   30   35   46   61   74   85
   93  100  108  114  118  123  131  142  153  159  160  161  165  175  187  197
  203  207  209  211  210  208  208  210  213  213  206  192  177  165  157  153
  150  148  145  139  128  112   93   77   68   63   60   57   56   54   52   47
   40   35   32   32   32   32   33   39   47
    12.5-180.0 180.0   5.0 450.0                            LAT/LON1/LON2/DLON/H
   43   49   52   53   52   52   52   50   44   37   32   34   43   56   70   80
   89   98  107  115  121  127  135  146  157  164  167  169  174  184  194  200
  202  202  204  207  209  209  209  208  208  205  195  181  167  156  151  149
  148  147  144  137  124  105   85   71   63   61   60   57   54   51   48   43
   36   31   29   30   31   32   33   37   43
    10.0-180.0 180.0   5.0 450.0                            LAT/LON1/LON2/DLON/H
   38   41   43   44   45   49   52   53   50   43   36   36   42   55   68   79
   89   98  108  117  124  130  137  148  160  170  175  179  186  195  203  205
  203  201  202  207  212  213  211  207  202  195  184  171  158  150  146  145
  145  144  141  134  119   99   79   66   61   61   61   58   53   49   46   40
   34   29   28   29   31   32   33   35   38
     7.5-180.0 180.0   5.0 450.0                            LAT/LON1/LON2/DLON/H
   35   34   33   33   36   42   48   52   51   45   39   37   43   55   69   80
   90   99  110  119  126  132  140  151  163  175  183  190  199  208  213  212
  206  202  202  209  215  217  214  205  195  183  172  160  151  145  142  142
  141  139  136  129  114   95   75   63   59   60   61   58   53   48   44   40
   34   29   28   29   31   33   34   34   35
     5.0-180.0 180.0   5.0 450.0                            LAT/LON1/LON2/DLON/H
   33   30   25   23   26   32   40   46   47   44   39   38   44   56   69   82
   92  101  111  121  128  134  141  152  166  179  190  200  210  218  221  218
  209  203  203  210  218  219  213  200  184  170  157  149  143  140  139  137
  135  133  129  122  109   91   72   60   57   59   60   58   53   48   44   41
   36   31   29   29   32   34   35   35   33
     2.5-180.0 180.0   5.0 450.0                            LAT/LON1/LON2/DLON/H
   35   29   22   17   17   23   30   37   39   39   36   37   43   55   69   82
   93  103  113  122  129  135  142  154  168  182  195  206  217  224  225  219
  209  202  202  209  216  217  207  190  170  153  141  136  135  135  135  132
  128  124  121  115  104   88   70   58   55   56   58   57   52   49   46   43
   39   34   31   31   33   36   38   38   35
