whug1960.18i
     1.0            IONOSPHERE MAPS     GNSS                IONEX VERSION / TYPE
GIMAS V1.1          GRC,WHU             18-Jul-18 03:33     PGM / RUN BY / DATE 
WHU'S GLOBAL IONOSPHERE MAPS FOR DAY 196,2018               COMMENT
See for instance: Zhang, Qiang and Zhao, Qile,              COMMENT
Remote Sensing, Vol.10, N.5, 705, 2018                      COMMENT
Contact address: zhangqiang@whu.edu.cn                      COMMENT
  2018     7    15     0     0    0.0000                    EPOCH OF FIRST MAP
  2018     7    16     0     0    0.0000                    EPOCH OF LAST MAP 
  7200                                                      INTERVAL
    13                                                      # OF MAPS IN FILE
  NONE                                                      MAPPING FUNCTION
    10.0                                                    ELEVATION CUTOFF
One-way carrier phase leveled to code                       OBSERVABLES USED    
   271                                                      # OF STATIONS
    56                                                      # OF SATELLITES
  6371.0                                                    BASE RADIUS
     2                                                      MAP DIMENSION       
   450.0 450.0   0.0                                        HGT1 / HGT2 / DHGT
    87.5 -87.5  -2.5                                        LAT1 / LAT2 / DLAT
  -180.0 180.0   5.0                                        LON1 / LON2 / DLON
    -1                                                      EXPONENT
TEC/RMS values in 0.1 TECU; 0, if negative value apear      COMMENT
                           9999, if no value available      COMMENT
Peak TEC values for the included maps:                      COMMENT
 235  235  310  321  238  221  245  251  450  392  264  256 COMMENT
 274                                                        COMMENT
List of stations:                                           COMMENT
algo cas1 aspa barh ankr gras gode abmf darw helg chpi func COMMENT
dour bor1 fair coco chti godz braz areg hers bjfs alic abpo COMMENT
auck flin cord ganp graz dav1 drao casc chur gol2 brmu areq COMMENT
badg bjnm hert alme adis guam ccj2 cpvg glps flrs gold dubo COMMENT
delf ckis bake brux gope artu alrt bogo guug glsv ajac hlfx COMMENT
cedu cro1 ebre frdn cnmr ascg dgar amu2 hnpt cags bogt bako COMMENT
hnlc harb gmsd albh hyde chpg daej eprt ftna irkj dhlg joze COMMENT
kiri koug lhaz mac1 mana karr maui hob2 mdo1 mizu ieng monp COMMENT
nain nium nrc1 isba maw1 mar6 lmmf kiru kour nano madr kat1 COMMENT
iisc morp hofn mdvj mkea joen mqzg nklg nril naur mas1 mbar COMMENT
krgg mag0 lpal kit3 kerg invk jog2 mobj ntus medi mro1 holb COMMENT
nico maju nnor iqal mat1 kokb mcil lama kir0 mcm4 lpgs hrao COMMENT
joz2 mobk nya1 mets mtka kokv nist mobs not1 mal2 mate ohi2 COMMENT
m0se laut pado mgue pert polv qaq1 reun nyal salu scor sfer COMMENT
spt0 novm park suth ohi3 tash thti pfa2 tixg tskb pove reyk COMMENT
shao scrz quin samo sthl ulab pbri thu2 tuva sutm tehn sjdv COMMENT
pie1 onsa tlse prds tela rabt sctb rio2 sant unbj stjo pdel COMMENT
pimo twtf scub seyg sydn thu3 ramo soda tong ters opmt ptag COMMENT
savo pol2 riop tid1 unbn stk2 penc sofi syog usud uclu rbay COMMENT
ous2 vill tow2 vaas thtg roth whit ufpr ptbb unsa sch2 wtzr COMMENT
str2 tidb yar2 vaco tabv yssk zimm tro1 voim urum zamb will COMMENT
wtzs yar3 vald wtzz wab2 zeck wind yarr wark vil0 xmis zim2 COMMENT
wsrt ycba wgtn yakt zimj wtza yell                          COMMENT
                                                            END OF HEADER
[from data line 858]
     3                                                      START OF TEC MAP  
  2018     7    15     4     0  0.00                        EPOCH OF CURRENT MAP
    87.5-180.0 180.0   5.0 450.0                            LAT/LON1/LON2/DLON/H
   90   90   90   91   91   91   91   91   91   91   91   91   91   90   90   90
   89   89   89   88   88   87   87   86   86   86   85   85   84   84   84   83
   83   83   83   82   82   82   82   82   82   82   82   82   82   82   83   83
   83   83   83   83   83   84   84   84   84   84   85   85   85   86   86   86
   87   87   88   88   88   89   89   90   90
    85.0-180.0 180.0   5.0 450.0                            LAT/LON1/LON2/DLON/H
   91   92   92   93   93   94   94   94   94   93   93   93   92   91   91   90
   89   88   88   87   86   85   84   83   82   82   81   80   79   79   78   78
   77   77   77   77   77   76   77   77   77   77   77   78   78   78   78   79
   79   79   80   80   80   80   80   80   80   81   81   81   81   82   82   83
   83   84   85   86   87   88   89   90   91
    82.5-180.0 180.0   5.0 450.0                            LAT/LON1/LON2/DLON/H
   90   91   93   94   94   95   95   95   94   93   93   91   90   89   88   87
   86   85   84   83   82   81   80   79   77   76   75   74   73   73   72   71
   71   71   71   71   71   71   71   72   72   72   73   74   74   75   76   76
   77   77   78   78   78   78   78   77   77   77   76   76   76   76   76   76
   77   78   79   81   83   84   86   88   90
    80.0-180.0 180.0   5.0 450.0                            LAT/LON1/LON2/DLON/H
   88   90   92   94   94   95   94   94   92   91   89   87   86   84   82   81
   80   79   78   78   77   76   75   74   72   71   70   68   67   66   66   65
   65   65   66   66   66   67   67   68   68   69   70   71   72   73   74   76
   77   78   78   79   79   78   77   76   75   74   73   71   70   70   69   69
   70   71   73   75   77   80   82   85   88
    77.5-180.0 180.0   5.0 450.0                            LAT/LON1/LON2/DLON/H
   85   88   91   93   94   94   93   91   89   86   84   81   78   76   74   73
   73   72   72   72   72   71   71   69   68   66   64   63   62   61   60   60
   61   62   62   63   64   65   66   66   67   67   68   69   71   73   74   76
   78   80   81   81   81   81   79   78   76   73   71   69   67   65   64   63
   64   64   66   68   71   74   78   81   85
    75.0-180.0 180.0   5.0 450.0                            LAT/LON1/LON2/DLON/H
   82   86   89   91   92   92   91   88   85   81   77   73   70   67   66   65
   65   66   67   68   68   68   68   67   65   63   60   58   57   56   56   57
   58   60   61   63   64   65   66   66   66   67   67   69   70   72   75   78
   80   83   84   85   85   84   83   80   78   75   72   69   66   63   62   60
   60   60   61   63   66   70   74   78   82
    72.5-180.0 180.0   5.0 450.0                            LAT/LON1/LON2/DLON/H
   79   83   86   88   90   89   88   85   81   76   71   67   63   60   58   58
   59   60   62   64   66   66   66   65   63   60   57   55   53   53   53   54
   57   59   62   64   66   67   67   67   67   66   67   68   70   73   76   79
   83   86   88   89   89   88   86   83   80   77   74   71   68   65   63   61
   59   59   59   61   63   66   70   75   79
    70.0-180.0 180.0   5.0 450.0                            LAT/LON1/LON2/DLON/H
   76   80   83   85   86   86   84   81   77   72   67   62   58   55   54   53
   55   57   60   62   64   65   65   63   61   58   55   52   50   50   51   53
   56   59   63   65   67   68   68   68   67   66   66   67   70   73   77   81
   85   88   90   91   90   89   87   85   83   80   78   75   73   70   67   65
   63   61   61   61   63   65   68   72   76
    67.5-180.0 180.0   5.0 450.0                            LAT/LON1/LON2/DLON/H
   74   77   79   81   82   82   80   78   74   70   65   61   57   54   52   52
   53   55   58   60   62   63   63   61   58   55   52   49   47   47   48   51
   54   58   62   65   67   68   68   67   66   66   66   67   70   73   78   82
   86   89   90   91   90   88   86   85   83   82   81   80   79   77   75   72
   69   67   66   65   65   66   69   71   74
    65.0-180.0 180.0   5.0 450.0                            LAT/LON1/LON2/DLON/H
   73   75   76   77   77   77   77   75   72   69   66   62   59   56   55   54
   54   55   57   58   59   59   58   57   54   51   49   46   45   45   46   48
   52   55   59   62   64   65   66   65   65   65   66   67   70   74   79   83
   86   88   89   88   87   85   83   82   82   82   83   84   85   84   82   80
   77   74   72   71   70   70   71   72   73
    62.5-180.0 180.0   5.0 450.0                            LAT/LON1/LON2/DLON/H
   75   75   74   74   74   74   74   73   71   69   67   65   63   61   59   58
   57   57   56   55   54   53   52   50   49   47   45   44   43   43   44   45
   48   50   53   55   58   59   61   62   63   64   66   69   72   76   80   84
   86   87   87   85   82   80   79   78   79   82   85   87   89   90   89   87
   84   82   79   77   76   76   76   75   75
    60.0-180.0 180.0   5.0 450.0                            LAT/LON1/LON2/DLON/H
   80   78   76   75   74   73   72   72   71   70   69   69   68   66   65   63
   61   58   55   51   48   46   44   43   42   42   42   42   41   41   41   42
   42   43   45   47   49   52   55   58   61   64   68   71   75   79   82   85
   86   86   84   82   79   76   75   75   77   81   85   89   92   93   93   91
   89   87   85   84   84   83   83   82   80
    57.5-180.0 180.0   5.0 450.0                            LAT/LON1/LON2/DLON/H
   87   84   81   79   77   76   74   73   72   72   72   72   72   71   70   68
   64   60   54   48   42   38   36   35   36   38   39   40   40   40   39   38
   37   36   36   37   40   44   49   55   61   66   71   75   79   82   85   87
   87   86   84   81   78   75   74   74   76   80   85   89   92   94   94   93
   91   90   90   90   91   92   91   90   87
    55.0-180.0 180.0   5.0 450.0                            LAT/LON1/LON2/DLON/H
   97   93   90   87   85   83   80   78   76   75   74   74   74   75   74   72
   67   61   53   45   38   33   30   30   32   35   38   40   40   39   37   34
   31   29   28   29   33   39   46   54   62   69   75   80   83   86   88   89
   89   88   86   83   80   78   76   77   78   81   85   88   91   92   92   91
   90   90   92   95   98  100  100   99   97
    52.5-180.0 180.0   5.0 450.0                            LAT/LON1/LON2/DLON/H
  106  103  100   98   96   94   91   87   83   79   77   76   76   76   75   73
   69   63   54   45   37   31   29   29   32   35   39   40   40   38   35   31
   27   24   23   24   29   36   46   56   66   74   80   84   87   90   91   92
   93   93   92   90   88   85   84   83   83   84   86   88   89   89   89   88
   88   90   93   98  103  107  108  108  106
    50.0-180.0 180.0   5.0 450.0                            LAT/LON1/LON2/DLON/H
  112  111  110  110  109  107  104   98   92   86   82   79   77   76   75   74
   70   64   56   48   40   34   32   33   35   39   41   42   41   38   34   30
   25   22   21   24   29   38   49   61   71   79   85   89   91   93   94   96
   98  100  100  100   99   97   94   92   90   89   89   89   88   88   87   86
   86   89   94  100  106  111  114  114  112
    47.5-180.0 180.0   5.0 450.0                            LAT/LON1/LON2/DLON/H
  115  115  116  119  121  121  117  112  104   96   89   84   80   77   75   73
   71   66   60   52   46   41   39   40   43   45   46   45   42   38   34   30
   26   23   23   27   34   44   55   67   76   84   89   92   94   96   98  101
  105  108  111  112  111  109  106  102   98   95   93   91   90   89   87   86
   87   90   95  102  108  113  116  116  115
    45.0-180.0 180.0   5.0 450.0                            LAT/LON1/LON2/DLON/H
  114  115  119  124  129  131  129  124  116  108   99   92   85   79   76   73
   71   68   64   59   54   51   49   50   52   53   52   49   44   39   35   31
   28   27   28   33   40   50   62   72   81   87   91   94   96   99  103  107
  113  118  121  123  123  121  117  112  106  102   99   96   95   93   91   90
   91   93   98  104  110  114  115  115  114
    42.5-180.0 180.0   5.0 450.0                            LAT/LON1/LON2/DLON/H
  111  112  117  124  131  135  136  133  127  120  112  103   93   85   78   74
   72   70   68   65   62   60   60   60   61   61   58   53   47   41   37   34
   32   32   34   39   47   57   67   76   84   89   93   96   98  102  108  114
  121  126  131  133  132  129  125  119  113  108  105  103  102  101   99   98
   98  100  103  107  111  114  114  112  111
    40.0-180.0 180.0   5.0 450.0                            LAT/LON1/LON2/DLON/H
  108  109  113  120  128  133  136  136  134  130  124  115  104   93   83   77
   73   71   70   69   69   68   68   68   69   67   64   58   51   45   40   38
   37   38   41   45   52   61   70   78   84   89   93   97  101  107  113  121
  128  133  137  138  137  134  129  124  118  114  112  112  111  111  110  108
  108  108  110  113  115  115  114  111  108
    37.5-180.0 180.0   5.0 450.0                            LAT/LON1/LON2/DLON/H
  110  108  110  115  121  126  130  133  135  137  135  128  117  103   91   81
   75   72   71   72   72   72   72   73   73   72   68   62   55   49   44   43
   43   43   45   49   55   62   69   77   83   88   93   98  104  111  119  127
  133  137  139  139  137  134  130  126  122  119  119  120  121  121  120  119
  118  118  119  120  120  120  117  113  110
    35.0-180.0 180.0   5.0 450.0                            LAT/LON1/LON2/DLON/H
  118  114  112  112  114  117  120  125  132  139  142  139  129  114   99   86
   78   73   71   71   72   72   73   73   74   73   71   65   59   52   49   47
   47   48   49   51   54   60   66   73   79   86   92   99  107  115  124  130
  135  137  137  135  134  132  130  127  125  124  125  127  129  129  128  127
  126  127  128  129  129  128  126  122  118
    32.5-180.0 180.0   5.0 450.0                            LAT/LON1/LON2/DLON/H
  134  127  121  115  111  109  110  115  125  137  146  147  139  125  108   93
   81   74   70   69   69   69   70   71   72   73   71   67   61   56   52   51
   51   51   50   50   52   56   61   68   75   83   91  100  109  118  126  131
  134  134  132  130  129  129  129  128  127  128  129  132  134  134  133  132
  133  134  137  139  140  140  140  138  134
    30.0-180.0 180.0   5.0 450.0                            LAT/LON1/LON2/DLON/H
  156  148  137  125  115  107  103  107  119  133  146  151  146  133  116   99
   85   75   69   67   66   66   66   66   68   70   70   67   62   56   53   52
   52   52   51   49   49   51   56   63   71   80   90  100  109  118  125  129
  130  128  125  124  125  128  130  131  131  131  132  134  135  134  133  133
  136  141  145  149  152  155  158  159  156
    27.5-180.0 180.0   5.0 450.0                            LAT/LON1/LON2/DLON/H
  180  172  158  142  125  112  104  105  115  130  145  152  149  138  122  105
   89   77   69   65   64   63   62   63   65   67   68   65   60   55   52   51
   52   52   50   48   46   47   51   58   67   77   88   98  107  114  120  123
  123  121  119  120  124  129  134  136  136  135  134  134  133  131  130  132
  137  145  153  159  164  170  177  181  180
    25.0-180.0 180.0   5.0 450.0                            LAT/LON1/LON2/DLON/H
  202  195  181  162  142  125  113  110  117  130  144  152  151  141  127  110
   93   79   70   66   64   63   62   62   63   65   64   61   55   50   47   48
   49   50   48   46   44   44   47   54   63   73   84   93  101  108  112  115
  115  115  115  119  126  134  141  143  141  138  136  133  131  128  127  130
  138  149  160  167  174  182  192  200  202
    22.5-180.0 180.0   5.0 450.0                            LAT/LON1/LON2/DLON/H
  218  213  199  181  162  144  130  123  126  135  147  153  151  143  130  114
   97   83   73   68   67   65   64   63   63   63   61   55   48   43   41   42
   45   46   46   44   42   42   44   50   59   69   79   87   94  100  104  107
  109  110  114  121  131  142  149  151  148  143  138  134  130  127  126  131
  141  154  166  175  182  190  202  213  218
    20.0-180.0 180.0   5.0 450.0                            LAT/LON1/LON2/DLON/H
  224  221  211  197  181  165  151  142  140  145  152  155  153  144  132  117
  101   87   77   73   72   71   69   67   65   63   58   50   41   35   33   35
   39   41   42   41   40   39   41   46   54   64   73   81   86   91   95  100
  104  109  116  126  139  151  159  160  156  150  143  138  134  131  130  136
  147  160  172  180  186  194  205  217  224
    17.5-180.0 180.0   5.0 450.0                            LAT/LON1/LON2/DLON/H
  221  220  213  204  195  185  173  163  158  158  160  160  155  145  133  119
  104   91   82   79   78   77   75   72   68   63   55   45   35   29   27   29
   32   36   37   37   37   36   38   42   49   58   67   74   80   84   89   95
  102  110  120  133  148  161  168  169  165  159  153  148  144  142  141  146
  156  169  179  186  189  194  204  214  221
    15.0-180.0 180.0   5.0 450.0                            LAT/LON1/LON2/DLON/H
  212  211  208  205  203  199  192  183  175  172  170  165  157  146  134  120
  106   94   87   85   84   83   80   76   71   64   54   43   32   26   24   25
   27   29   31   32   32   32   33   37   44   52   61   69   75   81   86   94
  103  114  126  141  156  168  176  178  175  171  167  164  161  159  158  161
  168  179  187  191  192  194  200  207  212
    12.5-180.0 180.0   5.0 450.0                            LAT/LON1/LON2/DLON/H
  202  201  199  201  205  207  204  197  189  183  177  170  159  147  134  120
  108   97   91   89   89   87   83   78   72   64   54   42   33   28   26   25
   24   24   25   26   27   27   29   32   38   47   57   66   74   80   87   96
  106  119  132  147  161  174  182  186  186  185  184  184  183  181  178  178
  182  189  195  197  196  195  197  201  202
    10.0-180.0 180.0   5.0 450.0                            LAT/LON1/LON2/DLON/H
  196  192  191  195  204  211  210  204  196  189  181  171  159  145  132  119
  108   99   94   93   92   89   84   78   72   64   54   45   38   34   32   28
   24   20   19   20   21   22   24   27   33   43   54   65   74   82   90   99
  110  123  137  151  164  176  186  193  198  201  203  205  205  203  199  196
  195  199  203  205  203  201  199  199  196
     7.5-180.0 180.0   5.0 450.0                            LAT/LON1/LON2/DLON/H
  198  191  189  193  203  211  212  206  197  189  180  169  155  140  128  116
  107  100   96   95   93   88   81   75   69   62   55   49   45   44   41   35
   26   19   15   15   17   18   20   23   29   39   52   65   76   85   94  103
  114  126  138  151  164  176  188  198  207  215  220  223  224  221  215  209
  205  206  210  213  213  210  207  203  198
     5.0-180.0 180.0   5.0 450.0                            LAT/LON1/LON2/DLON/H
  206  198  193  197  205  212  211  204  194  184  174  162  147  133  121  112
  105  100   97   95   92   85   77   70   65   60   56   53   53   54   51   42
   30   19   14   13   15   16   17   19   26   36   50   65   77   88   96  105
  115  126  137  149  160  173  187  201  214  224  231  234  235  231  224  215
  210  210  215  220  223  223  220  214  206
     2.5-180.0 180.0   5.0 450.0                            LAT/LON1/LON2/DLON/H
  219  210  205  206  212  215  211  201  189  178  166  152  137  123  113  106
  102   98   96   94   89   81   72   65   60   57   56   57   60   63   59   49
   34   21   15   14   15   16   15   17   22   33   48   63   77   88   97  105
  114  123  133  143  154  167  183  199  214  226  232  235  235  231  223  214
  208  209  216  224  231  233  232  227  219
