whug1960.18i
     1.0            IONOSPHERE MAPS     GNSS                IONEX VERSION / TYPE
GIMAS V1.1          GRC,WHU             18-Jul-18 03:33     PGM / RUN BY / DATE 
WHU'S GLOBAL IONOSPHERE MAPS FOR DAY 196,2018               COMMENT
See for instance: Zhang, Qiang and Zhao, Qile,              COMMENT
Remote Sensing, Vol.10, N.5, 705, 2018                      COMMENT
Contact address: zhangqiang@whu.edu.cn                      COMMENT
  2018     7    15     0     0    0.0000                    EPOCH OF FIRST MAP
  2018     7    16     0     0    0.0000                    EPOCH OF LAST MAP 
  7200                                                      INTERVAL
    13                                                      # OF MAPS IN FILE
  NONE                                                      MAPPING FUNCTION
    10.0                                                    ELEVATION CUTOFF
One-way carrier phase leveled to code                       OBSERVABLES USED    
   271                                                      # OF STATIONS
    56                                                      # OF SATELLITES
  6371.0                                                    BASE RADIUS
     2                                                      MAP DIMENSION       
   450.0 450.0   0.0                                        HGT1 / HGT2 / DHGT
    87.5 -87.5  -2.5                                        LAT1 / LAT2 / DLAT
  -180.0 180.0   5.0                                        LON1 / LON2 / DLON
    -1                                                      EXPONENT
TEC/RMS values in 0.1 TECU; 0, if negative value apear      COMMENT
                           9999, if no value available      COMMENT
Peak TEC values for the included maps:                      COMMENT
 235  235  310  321  238  221  245  251  450  392  264  256 COMMENT
 274                                                        COMMENT
List of stations:                                           COMMENT
algo cas1 aspa barh ankr gras gode abmf darw helg chpi func COMMENT
dour bor1 fair coco chti godz braz areg hers bjfs alic abpo COMMENT
auck flin cord ganp graz dav1 drao casc chur gol2 brmu areq COMMENT
badg bjnm hert alme adis guam ccj2 cpvg glps flrs gold dubo COMMENT
delf ckis bake brux gope artu alrt bogo guug glsv ajac hlfx COMMENT
cedu cro1 ebre frdn cnmr ascg dgar amu2 hnpt cags bogt bako COMMENT
hnlc harb gmsd albh hyde chpg daej eprt ftna irkj dhlg joze COMMENT
kiri koug lhaz mac1 mana karr maui hob2 mdo1 mizu ieng monp COMMENT
nain nium nrc1 isba maw1 mar6 lmmf kiru kour nano madr kat1 COMMENT
iisc morp hofn mdvj mkea joen mqzg nklg nril naur mas1 mbar COMMENT
krgg mag0 lpal kit3 kerg invk jog2 mobj ntus medi mro1 holb COMMENT
nico maju nnor iqal mat1 kokb mcil lama kir0 mcm4 lpgs hrao COMMENT
joz2 mobk nya1 mets mtka kokv nist mobs not1 mal2 mate ohi2 COMMENT
m0se laut pado mgue pert polv qaq1 reun nyal salu scor sfer COMMENT
spt0 novm park suth ohi3 tash thti pfa2 tixg tskb pove reyk COMMENT
shao scrz quin samo sthl ulab pbri thu2 tuva sutm tehn sjdv COMMENT
pie1 onsa tlse prds tela rabt sctb rio2 sant unbj stjo pdel COMMENT
pimo twtf scub seyg sydn thu3 ramo soda tong ters opmt ptag COMMENT
savo pol2 riop tid1 unbn stk2 penc sofi syog usud uclu rbay COMMENT
ous2 vill tow2 vaas thtg roth whit ufpr ptbb unsa sch2 wtzr COMMENT
str2 tidb yar2 vaco tabv yssk zimm tro1 voim urum zamb will COMMENT
wtzs yar3 vald wtzz wab2 zeck wind yarr wark vil0 xmis zim2 COMMENT
wsrt ycba wgtn yakt zimj wtza yell                          COMMENT
                                                            END OF HEADER
[from data line 4290]
    11                                                      START OF TEC MAP  
  2018     7    15    20     0  0.00                        EPOCH OF CURRENT MAP
    87.5-180.0 180.0   5.0 450.0                            LAT/LON1/LON2/DLON/H
   82   83   83   84   85   85   86   86   87   87   88   88   88   88   88   88
   88   88   87   87   86   86   85   85   84   84   83   83   82   81   81   80
   80   80   79   79   78   78   78   78   77   77   77   77   76   76   76   76
   76   76   76   76   76   75   75   75   75   75   76   76   76   76   76   77
   77   77   78   79   79   80   80   81   82
    85.0-180.0 180.0   5.0 450.0                            LAT/LON1/LON2/DLON/H
   80   81   83   85   87   88   90   91   92   93   94   95   95   95   95   94
   93   93   92   90   89   88   87   85   84   83   81   80   79   78   77   77
   76   75   75   74   74   74   74   73   73   73   73   73   73   73   73   73
   73   72   72   72   72   71   71   71   70   70   70   70   70   70   70   70
   70   71   72   73   74   75   76   78   80
    82.5-180.0 180.0   5.0 450.0                            LAT/LON1/LON2/DLON/H
   75   78   81   84   87   89   92   94   96   98   99  100  100  100   99   98
   97   95   93   91   89   87   85   83   81   79   77   75   74   73   72   71
   71   70   70   70   69   69   69   69   69   70   70   70   70   70   71   71
   71   71   71   71   70   70   69   69   68   67   66   65   64   63   63   63
   63   63   64   65   66   68   70   72   75
    80.0-180.0 180.0   5.0 450.0                            LAT/LON1/LON2/DLON/H
   68   72   76   80   84   88   92   95   98  100  101  102  102  101  100   99
   97   94   92   89   86   83   81   78   75   73   71   69   68   67   66   66
   65   65   65   65   65   65   66   66   66   66   67   67   68   68   69   70
   71   71   71   71   71   71   70   69   67   66   64   62   61   59   58   57
   56   56   56   57   58   60   62   65   68
    77.5-180.0 180.0   5.0 450.0                            LAT/LON1/LON2/DLON/H
   61   65   70   75   80   85   89   93   96   99  100  101  101  100   98   96
   94   91   88   85   82   79   76   73   70   68   66   64   63   62   62   61
   61   62   62   62   62   62   62   62   63   63   63   64   65   66   67   69
   70   71   72   73   73   72   71   70   68   66   64   62   59   57   56   54
   53   52   52   52   52   54   55   58   61
    75.0-180.0 180.0   5.0 450.0                            LAT/LON1/LON2/DLON/H
   56   59   64   69   74   79   85   89   92   95   96   97   96   95   93   91
   89   86   84   81   79   76   73   70   67   65   63   61   60   60   59   59
   60   60   61   61   61   60   60   59   59   59   59   60   61   62   64   66
   68   70   72   73   73   73   72   71   69   66   64   61   59   57   55   54
   53   51   50   50   49   50   51   53   56
    72.5-180.0 180.0   5.0 450.0                            LAT/LON1/LON2/DLON/H
   52   55   59   63   68   74   79   84   87   90   91   91   90   88   87   85
   83   82   80   79   77   75   72   70   67   65   63   62   61   60   60   60
   60   61   61   61   60   59   58   57   56   55   54   55   56   58   60   63
   65   68   70   71   72   71   70   69   67   64   62   61   59   58   57   56
   55   54   53   52   51   50   50   50   52
    70.0-180.0 180.0   5.0 450.0                            LAT/LON1/LON2/DLON/H
   51   53   56   59   64   69   74   79   82   84   85   85   83   82   80   79
   79   78   78   78   77   76   74   72   70   68   66   65   64   63   63   63
   63   63   62   62   61   59   57   55   53   52   51   51   52   53   56   58
   61   63   65   66   67   66   65   63   61   60   58   57   57   58   58   59
   59   59   58   57   55   53   51   51   51
    67.5-180.0 180.0   5.0 450.0                            LAT/LON1/LON2/DLON/H
   53   54   56   58   62   67   72   76   79   81   81   80   79   77   76   75
   76   77   78   79   79   79   78   76   75   73   71   70   69   68   67   67
   66   65   65   63   62   60   57   55   53   51   49   49   50   51   53   55
   56   58   59   59   58   57   56   54   52   51   51   52   54   56   59   62
   64   65   64   63   61   58   56   54   53
    65.0-180.0 180.0   5.0 450.0                            LAT/LON1/LON2/DLON/H
   58   58   59   61   64   67   72   75   78   80   80   78   76   75   74   74
   75   77   80   81   82   82   82   81   79   78   77   76   75   74   72   71
   70   68   67   65   64   62   59   57   55   53   52   51   51   51   52   52
   52   52   51   49   48   46   44   43   42   42   43   45   48   53   58   63
   66   68   69   68   66   63   61   59   58
    62.5-180.0 180.0   5.0 450.0                            LAT/LON1/LON2/DLON/H
   65   65   65   66   68   71   75   78   80   81   81   79   77   75   74   75
   76   79   82   84   85   85   84   83   82   82   81   81   80   79   77   75
   73   71   69   68   66   65   64   62   60   59   58   57   56   55   54   52
   49   46   43   40   37   35   33   32   32   33   35   38   43   49   56   62
   67   70   71   70   69   67   66   65   65
    60.0-180.0 180.0   5.0 450.0                            LAT/LON1/LON2/DLON/H
   73   74   74   75   76   78   80   83   85   86   85   83   80   78   76   77
   78   81   83   85   86   85   84   83   83   84   84   84   84   82   80   77
   74   72   71   70   70   70   70   70   70   69   68   67   65   62   58   54
   48   42   37   32   28   25   24   24   25   27   30   34   39   46   53   60
   65   68   69   69   69   69   69   71   73
    57.5-180.0 180.0   5.0 450.0                            LAT/LON1/LON2/DLON/H
   80   83   85   85   85   86   88   91   92   93   91   88   85   81   80   79
   81   82   84   85   85   84   83   82   82   84   85   86   86   84   81   77
   75   73   73   74   75   77   79   80   81   82   81   79   76   71   64   57
   48   40   32   26   22   20   20   21   23   26   29   33   39   45   52   58
   63   66   66   66   66   68   71   76   80
    55.0-180.0 180.0   5.0 450.0                            LAT/LON1/LON2/DLON/H
   88   93   95   96   96   96   98  100  101  101   99   95   90   86   83   82
   82   83   84   85   84   82   80   80   81   83   85   86   86   83   80   76
   74   73   75   78   82   86   89   92   94   95   94   92   87   80   71   60
   50   40   31   25   21   20   21   24   27   30   34   37   41   46   52   58
   62   63   63   62   62   66   72   80   88
    52.5-180.0 180.0   5.0 450.0                            LAT/LON1/LON2/DLON/H
   94  102  105  106  106  107  108  111  112  111  107  102   96   91   86   84
   84   84   84   84   83   81   79   79   80   82   84   85   84   82   78   74
   73   74   78   83   89   95  100  104  107  108  106  103   96   87   76   64
   52   41   33   27   25   25   27   31   35   39   42   44   47   50   55   59
   62   63   61   60   60   65   74   84   94
    50.0-180.0 180.0   5.0 450.0                            LAT/LON1/LON2/DLON/H
  100  108  112  114  115  117  120  122  123  121  117  110  103   96   90   87
   85   85   85   85   84   82   80   80   81   83   84   85   83   80   76   73
   73   76   83   90   98  105  111  115  118  118  116  110  102   92   79   66
   54   45   37   33   32   34   37   42   46   49   51   52   53   56   59   63
   66   66   64   61   61   66   76   88  100
    47.5-180.0 180.0   5.0 450.0                            LAT/LON1/LON2/DLON/H
  104  112  117  119  122  126  131  135  136  133  127  119  110  102   95   90
   88   87   88   88   87   85   84   84   84   85   86   85   83   80   77   75
   77   82   90  100  108  116  121  124  126  125  121  115  106   94   81   69
   58   49   44   42   42   44   48   52   56   58   59   59   59   61   64   68
   71   72   70   67   67   71   81   93  104
    45.0-180.0 180.0   5.0 450.0                            LAT/LON1/LON2/DLON/H
  107  114  118  121  126  133  141  147  148  145  139  130  120  110  102   96
   92   92   92   93   92   91   90   89   89   90   90   88   86   83   81   81
   85   92  101  111  120  126  130  131  131  129  124  117  107   95   83   71
   61   55   52   52   53   55   57   60   62   64   64   63   63   64   67   72
   77   79   79   77   76   79   87   98  107
    42.5-180.0 180.0   5.0 450.0                            LAT/LON1/LON2/DLON/H
  109  113  116  121  128  139  150  158  160  157  150  141  130  120  111  103
   99   98   99   99   99   97   96   95   95   96   95   95   93   92   92   94
   99  107  117  126  132  136  137  137  135  131  125  117  107   96   84   74
   66   61   60   61   62   63   63   64   64   64   64   63   63   64   68   75
   82   87   88   88   87   89   95  103  109
    40.0-180.0 180.0   5.0 450.0                            LAT/LON1/LON2/DLON/H
  110  112  114  119  129  142  156  166  170  167  161  152  143  132  121  113
  108  106  106  106  104  102  101  101  102  103  104  105  106  107  109  113
  119  127  135  142  145  146  144  141  137  132  125  117  107   97   87   78
   71   67   67   68   68   67   65   63   62   61   61   61   61   63   67   75
   83   91   96   98   98  100  103  107  110
    37.5-180.0 180.0   5.0 450.0                            LAT/LON1/LON2/DLON/H
  112  111  111  116  128  144  160  171  175  174  170  163  155  145  133  124
  118  115  114  112  109  106  104  105  107  110  114  118  123  128  133  138
  143  150  156  159  159  155  150  144  139  132  125  117  109  100   91   82
   75   71   70   71   70   68   64   59   56   55   55   56   58   60   64   72
   82   92  100  104  106  108  110  112  112
    35.0-180.0 180.0   5.0 450.0                            LAT/LON1/LON2/DLON/H
  114  111  110  115  127  143  159  171  176  177  176  173  167  157  146  135
  128  124  121  117  112  107  106  108  113  119  126  135  144  153  160  166
  170  174  176  176  171  163  154  147  140  133  125  117  110  102   94   85
   77   72   70   69   68   65   59   54   50   49   49   52   54   57   61   67
   77   88   99  106  110  113  114  115  114
    32.5-180.0 180.0   5.0 450.0                            LAT/LON1/LON2/DLON/H
  117  114  113  116  126  141  155  166  172  175  178  179  176  169  158  147
  139  134  129  122  114  108  107  112  120  130  141  153  167  180  189  193
  195  196  194  189  180  168  157  148  140  133  124  117  110  103   95   86
   76   69   66   64   63   59   54   49   45   44   46   49   52   55   57   62
   70   82   93  102  109  113  117  118  117
    30.0-180.0 180.0   5.0 450.0                            LAT/LON1/LON2/DLON/H
  122  120  118  120  128  139  149  157  163  169  176  182  184  179  169  159
  151  145  138  128  117  110  110  118  130  142  156  172  189  204  213  216
  215  212  207  198  185  170  157  147  139  130  121  113  107  101   93   82
   71   63   58   56   55   53   49   46   43   42   44   48   52   54   55   57
   63   73   85   96  104  111  117  121  122
    27.5-180.0 180.0   5.0 450.0                            LAT/LON1/LON2/DLON/H
  129  129  127  127  130  136  142  146  152  160  172  183  189  188  180  171
  164  158  149  137  124  117  118  128  142  156  171  188  207  223  232  232
  227  220  212  201  185  168  153  142  134  125  115  106   99   94   86   75
   63   53   47   46   46   47   46   45   43   43   44   48   52   54   54   54
   58   66   77   88   98  107  117  124  129
    25.0-180.0 180.0   5.0 450.0                            LAT/LON1/LON2/DLON/H
  136  138  137  135  134  135  135  136  141  151  167  183  193  195  191  185
  179  174  164  150  136  129  132  143  157  171  184  200  219  234  241  237
  229  219  210  197  179  160  144  133  125  115  104   94   87   82   74   63
   51   41   36   36   38   41   44   46   46   45   45   48   52   55   54   53
   55   62   72   82   92  103  116  128  136
    22.5-180.0 180.0   5.0 450.0                            LAT/LON1/LON2/DLON/H
  143  148  147  143  139  135  131  129  132  144  162  182  196  202  202  200
  197  192  182  167  152  146  150  161  174  183  193  206  223  236  240  233
  221  210  200  187  169  149  132  121  113  102   90   79   72   67   59   49
   38   30   27   28   32   38   44   48   49   47   46   47   51   54   54   54
   55   61   70   79   89  101  116  131  143
    20.0-180.0 180.0   5.0 450.0                            LAT/LON1/LON2/DLON/H
  148  154  154  150  145  138  131  127  129  140  160  181  198  208  213  215
  216  212  202  186  172  166  170  180  188  192  196  206  220  231  232  222
  207  196  186  174  156  135  118  107   98   87   74   63   55   51   44   35
   25   20   20   23   28   36   44   50   51   48   44   44   47   51   53   55
   57   63   71   80   89  101  117  134  148
    17.5-180.0 180.0   5.0 450.0                            LAT/LON1/LON2/DLON/H
  151  158  159  156  150  143  135  130  131  142  160  181  200  214  223  230
  234  232  222  206  192  187  190  196  198  196  194  199  210  220  218  206
  190  179  171  159  142  121  103   92   83   72   59   48   41   37   31   23
   16   14   16   21   27   35   44   50   52   47   41   39   42   47   51   55
   59   66   75   83   92  103  119  136  151
    15.0-180.0 180.0   5.0 450.0                            LAT/LON1/LON2/DLON/H
  152  160  161  159  155  150  144  139  139  147  163  182  201  217  231  243
  250  248  238  223  209  204  205  206  202  193  186  188  198  206  204  190
  174  163  156  147  129  108   90   79   70   59   47   37   31   27   21   14
   10   11   16   21   27   34   42   49   49   44   36   33   36   42   49   54
   60   68   78   87   95  106  121  138  152
    12.5-180.0 180.0   5.0 450.0                            LAT/LON1/LON2/DLON/H
  151  159  162  162  162  160  157  153  152  157  167  183  200  218  236  251
  260  259  249  234  221  214  213  209  200  186  176  177  186  194  191  177
  161  151  146  137  120   99   81   69   60   50   40   31   27   23   17   11
    8   11   18   24   28   33   39   45   45   39   31   28   32   38   45   52
   59   68   78   88   98  109  123  139  151
    10.0-180.0 180.0   5.0 450.0                            LAT/LON1/LON2/DLON/H
  151  159  163  166  170  172  173  170  168  168  173  183  197  215  235  252
  262  262  252  237  224  217  213  206  192  176  165  167  177  185  182  168
  153  144  140  131  115   94   76   64   55   46   37   31   28   24   18   12
    9   14   21   27   29   31   35   39   39   34   28   26   30   37   43   49
   55   65   76   87   98  110  124  139  151
     7.5-180.0 180.0   5.0 450.0                            LAT/LON1/LON2/DLON/H
  152  160  167  173  180  186  189  188  184  180  179  183  193  210  229  247
  257  257  247  233  222  214  208  197  182  166  158  161  172  180  177  163
  149  141  137  129  112   92   74   62   53   46   39   35   33   30   23   15
   12   17   24   29   30   30   31   33   33   29   26   26   31   38   43   46
   51   58   70   82   96  110  125  140  152
     5.0-180.0 180.0   5.0 450.0                            LAT/LON1/LON2/DLON/H
  154  165  173  182  191  200  205  205  200  192  186  184  190  203  220  236
  245  245  236  224  214  207  199  188  173  159  154  160  171  178  174  161
  148  140  135  127  111   91   74   62   54   47   42   40   40   36   28   19
   16   20   27   31   30   28   27   27   27   26   26   29   35   41   44   44
   46   51   61   75   91  107  124  140  154
     2.5-180.0 180.0   5.0 450.0                            LAT/LON1/LON2/DLON/H
  158  171  183  193  203  212  218  219  213  203  193  187  188  196  210  223
  230  229  222  213  205  199  191  179  166  156  155  162  172  176  170  157
  145  138  132  123  108   89   74   63   56   50   46   46   46   42   33   23
   18   21   27   31   30   26   23   23   23   24   27   33   40   46   47   44
   42   44   53   67   85  104  123  142  158
